##-------------------------------------------
## global.R

## Armazena os cinco conjuntos de dados e serem utilziados na aplicação.

da1 <- structure(list(x = c(2.26951294421792, 2.31386722036915, 2.19865708695442, 
2.2718416065365, 2.06818586174616, 2.34242268082221, 2.13033376849501, 
1.98227123303957, 1.93951925261862, 2.18943416340103, 2.12385164096709, 
2.48855071650044, 2.12710479836481, 1.98227123303957, 2.19865708695442, 
1.97772360528885, 1.96848294855394, 2.20980980578538, 1.98677173426624, 
2.25767857486918, 1.79239168949825, 2.09691001300806, 2.26951294421792, 
2.31806333496276, 2.07554696139253, 2.12385164096709, 2.25042000230889, 
1.92941892571429, 2.38381536598043, 2.64542226934909, 2.17318626841227, 
2.27875360095283, 1.90308998699194, 2.15271631110641, 1.95424250943932, 
2.25297432534792, 1.79934054945358, 2.48945221029981, 2.34242268082221, 
1.98227123303957, 2.05690485133647, 1.93282876690085, 2.38381536598043, 
1.8750612633917, 2.00860017176192, 2.41830129131975, 1.89762709129044, 
2.28564730890073, 2.35793484700045, 2.07918124604762, 2.41979058610636, 
2.0899051114394, 2.31806333496276, 2.17609125905568, 2.07834804955536, 
1.93449845124357, 2, 2.65224634100332, 1.85901814388889, 2.37657695705651, 
2, 2.13033376849501, 1.95904139232109, 1.9731278535997, 2.25527250510331, 
2.22530928172586, 2.11058971029925, 2.30535136944662, 2.2148438480477, 
2.20139712432045, 2.37106786227174, 2.05717144154727, 2.23044892137827, 
1.88326385958497, 2.39619934709574, 2.12385164096709, 2.13033376849501, 
2.14597290280218, 2, 2.02530586526477, 1.99122607569249, 2.37839790094814, 
2.18184358794477, 2.06445798922692, 2.02118929906994, 2.03342375548695, 
2.26717172840301, 1.99563519459755, 2.30319605742049, 2.49415459401844, 
2.02118929906994, 1.8750612633917, 2.20411998265593, 1.78532983501077, 
2.14612803567824, 1.9731278535997, 1.97570746353718, 2.43136376415899, 
2.11058971029925, 2.12710479836481, 1.79934054945358, 2.38560627359831, 
2.07188200730613, 2.228272002124, 2.00432137378264, 1.81954393554187, 
1.88649072517248, 1.88649072517248, 2.32221929473392, 1.97607473161987, 
1.92941892571429, 2.11394335230684, 2.29666519026153, 1.99563519459755, 
2.02530586526477, 2.16731733474818, 2.25527250510331, 1.98677173426624, 
2.26481782300954, 2.24797326636181, 2.14301480025409, 2.6232492903979, 
2.07554696139253, 2.07554696139253, 2.20411998265593, 1.98227123303957, 
2.07918124604762, 2.15228834438306, 2.34242268082221, 2.34242268082221, 
1.82607480270083, 2.07918124604762, 2.22530928172586, 2.39967372148104, 
2.54406804435028, 2.07704069834246, 1.98227123303957, 2.59988307207369, 
2.34242268082221, 2.38021124171161, 2.07554696139253, 2.06069784035361, 
2.72916478969277, 2.30102999566398, 2.34242268082221, 2.52633927738984, 
2.07554696139253, 2.78816837114117, 2.10037054511756, 1.79239168949825, 
2.39794000867204, 2.00860017176192, 1.95904139232109, 1.97772360528885, 
1.98227123303957, 1.79934054945358, 1.88649072517248, 2.23719173657514, 
2.34194864641251, 2.00860017176192, 2.28555730900777, 2.28555730900777, 
2.25767857486918, 2.54032947479087, 2.51587384371168, 2.11058971029925, 
2.0899051114394, 2.29225607135648, 1.8926510338773, 2.19904173446148
), y = c(5.8750612633917, 6.31175386105575, 5.83884909073726, 
5.8750612633917, 5.80277372529198, 5.9912260756925, 5.94448267215017, 
5.89359533381988, 5.64345267648619, 5.84503599351341, 6.05557287924696, 
6.44337252540488, 5.64345267648619, 5.87800447026803, 6.07371835034612, 
5.7160033436348, 5.79934054945358, 5.99782308074573, 5.54406804435028, 
6.15182934013187, 5.5854607295085, 5.78958071216443, 5.84509804001426, 
6.25527250510331, 5.70757017609794, 6.07162061587781, 5.95424250943933, 
5.64246452024212, 6.39794000867204, 6.62838893005031, 5.8750612633917, 
5.8750612633917, 5.60042832573213, 5.89762709129044, 5.73239375982297, 
5.95424250943933, 5.40654018043396, 6.45409142974485, 6.04139268515823, 
5.87806773197336, 5.75579865697383, 5.72427586960079, 6.09691001300806, 
5.66275783168157, 5.70757017609794, 6.10380372095596, 5.81291335664286, 
6.11706901982914, 6.17609125905568, 5.74036268949424, 6.06069784035361, 
5.62736585659273, 6.17026171539496, 5.63346845557959, 5.82077269664988, 
5.65321251377534, 5.75141229799872, 6.39794000867204, 5.66275783168157, 
5.97543180850926, 5.75659427401299, 5.74036268949424, 5.57401968638712, 
5.71591981743358, 5.8750612633917, 6.03758584282662, 5.9030356967885, 
5.91487181754005, 5.99782308074573, 5.82607480270083, 6.56818998621967, 
5.63144376901317, 6.06069784035361, 5.857947311556, 6.29003461136252, 
5.98677173426625, 5.80617997398389, 6.08545470125041, 5.66275783168157, 
5.81291335664286, 5.73878055848437, 5.9912260756925, 5.90036712865647, 
5.78532983501077, 5.74741180788642, 5.81291335664286, 5.8750612633917, 
5.69897000433602, 6.04139268515823, 5.92941892571429, 5.84503599351341, 
5.59659709562646, 5.96378782734556, 5.63346845557959, 5.83884909073726, 
5.81291335664286, 5.68124123737559, 5.93951925261862, 5.50514997831991, 
5.90036712865647, 5.53147891704226, 6.03342375548695, 5.76342799356294, 
5.97772360528885, 5.72427586960079, 5.59659709562646, 5.64779359503524, 
5.64788642066577, 6.01283722470517, 5.83569057149243, 5.75676538858497, 
5.54282542695918, 6.13033376849501, 5.61909333062674, 5.63346845557959, 
5.81291335664286, 6.04139268515823, 5.69897000433602, 6.04921802267018, 
6, 5.90308998699194, 6.32221929473392, 5.81167284514892, 5.99564089741694, 
6.11394335230684, 5.88081359228079, 5.77085201164214, 5.8750612633917, 
6.04139229034488, 6.29666519026153, 5.47421626407626, 6.11394335230684, 
5.89209460269048, 6.07918124604763, 6.14612803567824, 5.77627757665637, 
5.60745502321467, 6.73431968085901, 5.9912260756925, 6.34242268082221, 
5.8521749044203, 5.80896139026791, 6.19033169817029, 5.8750612633917, 
6.04139229034488, 6.02118929906994, 5.80949237693734, 6.26717172840301, 
5.86332286012046, 5.53147891704226, 6.03342375548695, 5.77815125038364, 
5.57401968638712, 5.67209785793572, 5.87806773197336, 5.5910646070265, 
5.74429298312268, 6.04139268515823, 6.29885307640971, 5.81291335664286, 
6.14432507840049, 6.19423674872383, 6.15182934013187, 6.21748394421391, 
6.39792263654532, 5.95065688250451, 5.77451696572855, 5.65321251377534, 
5.56702636615906, 6.07408468902824)), .Names = c("x", "y"), row.names = c(NA, 
-170L), class = "data.frame")

